Webots Project File version R2023b
perspectives: 000000ff00000000fd0000000300000000000001ca0000039ffc0200000001fb00000012005300630065006e0065005400720065006501000000000000039f0000000000000000000000010000023a000003c7fc0200000001fb0000001400540065007800740045006400690074006f00720100000016000003c70000008900ffffff000000030000073a000000dafc0100000002fb0000000e0043006f006e0073006f006c006501000001d0000005b00000000000000000fb0000001a0043006f006e0073006f006c00650041006c006c0041006c006c01000000000000073a000000000000000000000502000003c700000004000000040000000100000008fc00000000
simulationViewPerspectives: 000000ff0000000100000002000000fc0000063c0100000002010000000101
sceneTreePerspectives: 000000ff00000001000000030000001c0000038a000000fa0100000002010000000201
maximizedDockId: -1
centralWidgetVisible: 1
orthographicViewHeight: 1
textFiles: 0 "controllers/CarenController/CarenController.cpp" "controllers/CarenController/default_config"
renderingDevicePerspectives: Caren:camera_center;1;0.80602;0;0
renderingDevicePerspectives: Caren:range-finder;0;0.982143;0;0
